38.034 40.576 40.646 3054.69
46.889 48.287 48.218 5604.91
38.019 40.573 40.632 3057.87
42.565 44.282 44.249 4194.38
33.471 38.673 38.364 2235.38
42.573 44.270 44.241 4195.60
46.940 48.280 48.218 5591.18
33.456 38.682 38.346 2242.15
46.940 48.280 48.218 5591.18
42.573 44.270 44.241 4195.60
38.034 40.576 40.646 3054.69
33.471 38.673 38.364 2235.38
46.889 48.287 48.218 5604.91
42.565 44.282 44.249 4194.38
38.019 40.573 40.632 3057.87
33.456 38.682 38.346 2242.15
33.443 38.665 38.370 2243.87
33.443 38.665 38.370 2243.87
33.443 38.665 38.370 2243.87
33.443 38.665 38.370 2243.87
33.436 38.271 37.805 2205.94
33.436 38.271 37.805 2205.94
33.436 38.271 37.805 2205.94
33.436 38.271 37.805 2205.94
33.452 38.278 37.806 2206.88
33.452 38.278 37.806 2206.88
33.441 38.262 37.801 2207.66
33.448 38.283 37.804 2207.17
33.448 38.283 37.804 2205.96
33.426 38.276 37.810 2207.97
33.451 38.267 37.803 2206.32
33.441 38.262 37.801 2207.66
33.441 38.262 37.801 2207.66
33.451 38.267 37.803 2206.32
33.451 38.267 37.803 2206.32
